sierraleone.txt
ncols         456
nrows         463
xllcorner     -13.303780242689
yllcorner     6.9169264111761
cellsize      0.0066664
NODATA_value  -9999
[rows 280 to 307 of 463, columns 128 to 191 of 456]
10.5751 10.5751 6.629805 10.5751 10.5751 10.5751 10.5751 10.5751 9.391511 8.996982 10.5751 10.5751 10.5751 10.5751 10.5751 10.5751 10.5751 10.5751 10.5751 10.5751 10.5751 24.08692 29.37415 29.37415 29.37415 29.37415 29.37415 29.37415 29.37415 29.37415 29.37415 29.37415 29.37415 29.37415 29.37415 29.37415 29.37415 29.37415 29.37415 26.68063 25.70638 25.70638 25.70638 25.70638 25.70638 25.70638 25.70638 25.70638 25.70638 25.70638 25.70638 25.70638 25.70638 22.82926 25.70638 25.70638 25.70638 25.70638 25.70638 25.70638 25.70638 25.70638 25.70638 25.70638
10.5751 10.5751 9.78604 10.5751 10.5751 10.5751 10.5751 10.5751 10.5751 10.5751 10.5751 10.5751 10.5751 10.5751 10.5751 10.5751 10.5751 10.5751 10.5751 10.5751 10.5751 13.21871 27.318 29.37415 29.37415 29.37415 23.79318 20.26836 25.84933 29.37415 29.37415 29.37415 29.37415 29.37415 26.08653 29.37415 29.37415 29.37415 28.91568 25.821 25.70638 25.70638 25.70638 25.70638 25.70638 25.70638 25.70638 25.70638 25.70638 25.70638 25.70638 25.70638 25.70638 18.99311 25.70638 25.70638 25.70638 25.70638 25.70638 16.75536 25.70638 25.70638 25.70638 25.70638
10.5751 10.5751 10.5751 10.5751 10.5751 10.5751 8.470942 10.18057 10.5751 10.5751 10.5751 10.5751 10.5751 10.5751 10.5751 10.5751 10.5751 10.5751 10.5751 10.5751 10.5751 10.5751 10.5751 12.63124 17.62474 18.50595 10.5751 10.5751 10.5751 19.68089 29.37415 29.37415 29.37415 29.37415 24.99066 29.37415 29.37415 28.51451 26.10754 25.70638 25.70638 25.70638 25.70638 25.70638 25.70638 25.70638 25.70638 25.70638 25.70638 25.70638 25.70638 25.70638 19.31279 16.43568 24.42766 31.5294 377.6855 352.5441 168.1741 159.7937 25.70638 25.70638 25.70638 25.70638
10.5751 10.5751 10.5751 10.5751 10.5751 10.5751 6.761315 8.602452 10.5751 10.5751 10.5751 10.5751 10.5751 10.5751 10.5751 10.5751 10.5751 10.5751 10.5751 10.5751 10.5751 10.5751 10.5751 10.5751 10.5751 10.5751 10.5751 8.207923 10.5751 10.86883 21.14956 25.26186 29.08041 29.37415 28.62913 26.96717 26.22216 25.70638 25.70638 25.70638 25.70638 25.70638 25.70638 25.70638 25.70638 25.70638 25.70638 25.70638 25.70638 25.70638 25.70638 25.70638 25.70638 22.82926 17.39471 301.0515 503.0726 277.12 293.8809 50.84774 25.70638 25.70638 25.70638 25.70638
10.04906 10.5751 10.5751 10.5751 10.5751 10.31208 10.44359 8.996982 7.813393 8.996982 10.5751 10.5751 10.5751 10.5751 10.5751 10.5751 10.5751 10.5751 10.5751 10.5751 10.5751 10.5751 10.5751 10.5751 10.5751 10.5751 10.5751 10.5751 10.5751 10.5751 10.5751 10.04906 11.94298 18.82125 25.70638 25.70638 25.70638 25.70638 25.70638 25.70638 25.70638 25.70638 25.70638 25.70638 25.70638 25.70638 25.70638 25.70638 25.70638 25.70638 25.70638 25.70638 25.70638 24.74734 23.46862 172.0791 386.0659 210.0764 235.2177 25.70638 25.70638 25.70638 25.70638 25.70638
7.418864 10.5751 10.5751 10.5751 10.5751 8.996982 8.996982 10.5751 10.5751 10.5751 10.5751 10.5751 10.5751 10.5751 10.5751 10.5751 10.5751 10.5751 10.5751 10.5751 10.5751 10.5751 10.5751 10.5751 10.5751 10.5751 10.5751 10.5751 10.5751 10.5751 10.5751 8.996982 9.391511 10.5751 22.63284 25.70638 25.70638 23.7883 25.70638 25.70638 25.70638 25.70638 24.42766 24.42766 25.70638 25.70638 25.70638 25.70638 25.70638 25.70638 25.70638 25.70638 25.70638 25.70638 25.70638 25.70638 25.70638 25.70638 25.70638 25.70638 25.70638 25.189 21.04999 17.42835
8.733962 6.892825 10.5751 10.5751 10.5751 10.5751 8.602452 10.5751 9.391511 10.5751 10.5751 10.5751 10.5751 10.5751 10.5751 10.5751 10.5751 10.5751 10.5751 10.5751 10.5751 10.5751 10.5751 10.5751 10.5751 10.5751 10.5751 10.5751 10.5751 10.5751 10.5751 7.813393 10.5751 10.5751 33.91594 59.2282 25.70638 20.91119 25.70638 25.70638 25.70638 25.70638 16.75536 17.71439 24.42766 18.03407 25.70638 25.70638 25.70638 25.70638 25.70638 25.70638 25.70638 25.70638 25.70638 25.70638 25.70638 25.70638 25.70638 23.46441 19.3254 15.35885 14.66901 14.66901
10.5751 10.5751 10.5751 10.18057 10.5751 8.207923 7.418864 7.155844 6.366785 6.761315 7.944903 10.5751 10.5751 10.5751 10.5751 8.996982 9.128491 10.5751 10.5751 6.366785 10.5751 10.5751 10.5751 10.5751 10.5751 10.5751 10.5751 10.5751 10.5751 10.5751 9.78604 8.602452 9.391511 10.5751 23.39286 75.98911 25.70638 25.70638 25.70638 25.70638 25.70638 15.79632 23.7883 10.36177 9.402732 20.59151 25.70638 25.70638 25.70638 23.45752 19.10973 17.76042 18.57788 19.62735 21.05874 17.76042 17.31064 17.31064 17.31064 15.60766 14.80422 14.66901 14.66901 14.66901
10.5751 10.5751 8.996982 5.840746 10.5751 10.5751 10.5751 10.5751 5.446217 4.262629 5.840746 10.5751 10.5751 10.5751 7.418864 8.733962 7.155844 8.207923 10.5751 9.523021 10.5751 10.5751 10.5751 10.5751 103.6591 10.5751 10.5751 10.5751 10.5751 10.5751 10.5751 8.207923 10.5751 10.5751 20.03215 25.70638 25.70638 25.70638 25.70638 25.70638 25.70638 23.7883 25.70638 25.70638 23.14894 24.42766 25.10668 21.50851 17.76042 16.11125 16.11125 16.11125 11.70341 15.30983 14.19282 16.11125 16.11125 16.11125 14.30805 13.70698 16.06618 15.50281 14.84929 14.66901
10.5751 10.5751 10.31208 9.91755 10.5751 10.5751 10.5751 7.024334 9.391511 9.128491 8.996982 7.418864 10.5751 10.5751 5.840746 6.892825 10.04906 7.418864 9.78604 10.04906 10.5751 10.5751 10.5751 10.5751 24.36532 10.5751 10.5751 10.5751 10.5751 10.5751 10.5751 4.131119 8.996982 9.391511 17.88952 25.70638 25.70638 25.70638 25.70638 25.70638 25.70638 25.70638 25.70638 25.70638 24.50699 20.90882 16.86087 16.11125 16.11125 16.11125 16.11125 16.11125 11.3027 14.67243 13.55334 16.11125 16.11125 16.11125 16.11125 16.11125 16.11125 16.11125 16.08872 17.38578
10.5751 10.5751 10.5751 10.5751 10.5751 10.04906 9.523021 9.391511 10.5751 10.5751 10.5751 10.5751 10.5751 10.5751 6.366785 9.260001 10.5751 5.709236 4.920177 7.418864 10.5751 10.5751 10.5751 10.5751 10.5751 10.5751 10.5751 10.5751 10.5751 10.5751 10.5751 4.394138 7.418864 10.5751 20.03215 25.70638 25.70638 25.70638 25.70638 25.70638 25.70638 24.65691 21.20866 18.21019 16.11125 16.11125 16.11125 16.11125 16.11125 16.11125 16.11125 16.11125 11.3027 16.11125 16.11125 16.11125 16.11125 16.11125 16.11125 16.11125 16.11125 16.11125 16.11125 12.50484
10.5751 10.5751 10.5751 10.5751 8.865472 9.260001 10.04906 10.5751 9.391511 8.470942 7.155844 10.18057 10.5751 10.5751 8.076413 6.892825 8.470942 10.31208 8.339433 6.366785 9.523021 10.5751 10.5751 10.5751 10.5751 10.5751 10.5751 10.5751 10.5751 10.5751 10.5751 9.741033 10.50551 13.51618 16.21502 19.5595 22.55798 25.55645 25.70638 22.7079 18.06026 16.11125 16.11125 16.11125 16.11125 16.11125 16.11125 16.11125 16.11125 16.11125 16.11125 16.11125 11.3027 16.11125 16.11125 16.11125 16.11125 16.11125 16.11125 16.11125 16.11125 16.11125 16.11125 16.11125
10.5751 10.5751 10.5751 10.5751 10.5751 10.5751 10.5751 10.5751 10.5751 6.892825 9.78604 10.18057 9.128491 9.523021 7.287354 5.314707 10.5751 7.287354 7.287354 10.5751 10.5751 10.5751 10.5751 10.5751 10.5751 10.5751 10.5751 10.5751 10.5751 10.04906 6.608679 7.842742 16.11125 16.11125 16.11125 16.11125 16.11125 16.71095 16.86087 16.11125 16.11125 16.11125 16.11125 16.11125 16.11125 16.11125 16.11125 16.11125 16.11125 16.11125 16.11125 16.11125 12.30448 14.10769 16.11125 16.11125 16.11125 16.11125 16.11125 16.11125 16.11125 16.11125 16.11125 16.11125
10.5751 10.5751 10.5751 10.5751 10.5751 10.5751 10.5751 10.5751 10.5751 9.78604 8.996982 10.5751 8.602452 10.5751 9.91755 8.207923 6.235275 4.131119 4.131119 10.5751 10.5751 10.5751 8.602452 8.602452 10.5751 10.5751 10.5751 10.5751 10.5751 13.25667 14.10769 13.90733 16.11125 16.11125 16.11125 16.11125 16.11125 16.11125 16.11125 16.11125 16.11125 16.11125 16.11125 16.11125 16.11125 16.11125 16.11125 16.11125 16.11125 16.11125 16.11125 16.11125 12.90555 11.10235 98.49268 16.11125 16.11125 16.11125 16.11125 16.11125 16.11125 16.11125 16.11125 16.11125
10.5751 10.5751 10.5751 9.391511 8.996982 10.5751 10.5751 10.5751 10.5751 9.260001 10.31208 10.5751 10.5751 10.5751 10.5751 10.5751 6.103765 5.183197 9.128491 10.5751 10.5751 10.5751 10.5751 10.18057 10.18057 10.5751 10.5751 10.5751 11.35362 16.02475 16.11125 16.11125 16.11125 16.11125 16.11125 16.11125 16.11125 16.11125 16.11125 16.11125 16.11125 16.11125 16.11125 16.11125 16.11125 16.11125 16.11125 16.11125 16.11125 16.11125 16.11125 16.11125 12.10413 1329.606 633.9719 16.11125 16.11125 16.11125 16.11125 16.11125 16.11125 16.11125 16.11125 16.11125
14.98096 14.98096 14.98096 14.98096 12.70831 11.26351 10.5751 9.78604 8.602452 10.31208 10.04906 10.5751 10.5751 10.5751 10.5751 10.5751 7.813393 8.076413 7.287354 10.5751 10.5751 10.5751 10.5751 10.5751 5.314707 10.04906 10.5751 10.5751 14.0352 16.11125 16.11125 16.11125 16.11125 16.11125 16.11125 16.11125 16.11125 16.11125 16.11125 16.11125 16.11125 16.11125 16.11125 16.11125 16.11125 16.11125 16.11125 16.11125 16.11125 16.11125 16.11125 12.10413 134.2738 1293.023 16.11125 16.11125 16.11125 16.11125 16.11125 16.11125 16.11125 16.11125 16.11125 16.11125
19.38681 19.38681 19.38681 19.38681 15.77045 19.38681 16.49547 9.290867 10.18057 9.91755 7.155844 10.5751 10.5751 10.5751 10.5751 10.5751 10.5751 7.681883 7.287354 10.5751 10.5751 10.5751 10.5751 10.5751 5.840746 9.523021 10.5751 11.18062 16.02475 16.11125 16.11125 16.11125 16.11125 16.11125 16.11125 16.11125 16.11125 16.11125 16.11125 16.11125 16.11125 16.11125 16.11125 16.11125 16.11125 16.11125 16.11125 16.11125 16.11125 16.11125 14.90912 10.50128 16.11125 16.11125 16.11125 16.11125 16.11125 16.11125 16.11125 16.11125 16.11125 16.11125 16.11125 16.11125
19.38681 19.38681 19.38681 19.38681 13.84173 19.38681 13.60064 18.83608 15.11864 10.61432 11.98897 12.77803 12.77803 9.80456 8.996982 10.5751 10.5751 8.602452 10.5751 10.5751 10.5751 10.5751 10.5751 5.840746 2.553001 4.788668 8.865472 11.95914 16.11125 16.11125 16.11125 16.11125 16.11125 16.11125 16.11125 16.11125 16.11125 16.11125 16.11125 16.11125 16.11125 16.11125 16.11125 16.11125 16.11125 16.11125 16.11125 16.11125 16.11125 16.11125 11.70341 15.9109 16.11125 16.11125 16.11125 16.11125 16.11125 16.11125 16.11125 16.11125 16.11125 16.11125 16.11125 16.11125
19.38681 19.38681 19.38681 19.38681 13.11846 19.38681 17.217 19.38681 19.38681 19.38681 19.38681 19.38681 19.38681 18.97376 12.3188 11.26351 6.235275 9.78604 10.5751 10.5751 10.5751 10.5751 10.5751 7.418864 6.498295 5.840746 7.024334 10.61753 13.10591 16.11125 16.11125 16.11125 16.11125 16.11125 16.11125 16.11125 16.11125 16.11125 16.11125 16.11125 16.11125 16.11125 16.11125 16.11125 16.11125 16.11125 16.11125 16.11125 16.11125 16.11125 11.3027 12.7052 16.11125 16.11125 16.11125 16.11125 16.11125 16.11125 16.11125 16.11125 16.11125 16.11125 16.11125 16.11125
19.38681 19.38681 19.38681 19.38681 19.38681 21.36741 24.2605 19.38681 19.38681 18.66354 12.63628 18.66354 19.38681 19.38681 14.32391 16.63315 9.929896 10.5751 10.5751 10.5751 10.5751 10.5751 10.31208 7.550374 6.235275 7.155844 9.91755 8.733962 10.58774 16.11125 16.11125 16.11125 16.11125 16.11125 16.11125 16.11125 16.11125 16.11125 16.11125 16.11125 16.11125 16.11125 16.11125 16.11125 16.11125 16.11125 16.11125 16.11125 16.11125 16.11125 12.90555 10.30092 16.11125 16.11125 16.11125 16.11125 16.11125 16.11125 16.11125 16.11125 16.11125 16.11125 16.11125 16.11125
17.94027 15.04718 19.38681 19.38681 19.38681 44.66774 25.70704 19.38681 19.38681 18.90463 14.08282 18.66354 19.38681 19.38681 19.38681 19.38681 18.56071 15.25632 12.08961 10.5751 10.5751 10.5751 9.78604 9.78604 10.5751 10.5751 10.5751 10.5751 14.0352 16.11125 16.11125 16.11125 16.11125 16.11125 16.11125 16.11125 16.11125 16.11125 16.11125 16.11125 16.11125 16.11125 16.11125 16.11125 16.11125 16.11125 16.11125 16.11125 16.11125 15.71054 10.10056 15.51019 16.11125 16.11125 16.11125 16.11125 16.11125 16.11125 16.11125 16.11125 16.11125 16.11125 16.11125 16.11125
19.38681 18.66354 19.38681 19.38681 19.38681 19.38681 19.38681 19.38681 19.38681 19.14572 13.11846 18.42245 19.38681 19.38681 13.60064 17.94027 19.38681 19.38681 18.97376 11.81425 10.5751 7.813393 10.5751 10.5751 10.5751 10.5751 10.5751 10.5751 12.21865 8.698071 14.5084 16.11125 16.11125 16.11125 16.11125 16.11125 16.11125 16.11125 16.11125 16.11125 16.11125 16.11125 16.11125 16.11125 16.11125 16.11125 16.11125 16.11125 10.10056 5.292014 13.30627 16.11125 16.11125 16.11125 16.11125 16.11125 16.11125 16.11125 16.11125 16.11125 16.11125 16.11125 16.11125 16.11125
19.38681 19.38681 19.38681 15.04718 19.38681 19.38681 19.38681 19.38681 13.60064 11.67192 19.38681 19.38681 17.94027 19.38681 16.49372 19.38681 19.38681 19.38681 19.38681 17.45925 9.546552 12.50266 10.85046 10.5751 10.5751 10.5751 10.5751 10.5751 11.26712 13.70698 16.11125 16.11125 16.11125 14.90912 16.11125 16.11125 16.11125 16.11125 16.11125 16.11125 16.11125 16.11125 16.11125 16.11125 16.11125 16.11125 16.11125 12.20172 6.191031 16.11125 16.11125 16.11125 16.11125 16.11125 16.11125 16.11125 16.11125 16.11125 16.11125 16.11125 16.25356 17.53433 19.66894 20.66509
19.38681 19.38681 15.04718 19.38681 19.38681 19.38681 19.38681 19.38681 17.94027 12.39519 13.60064 16.49372 12.1541 15.04718 13.60064 13.60064 14.32391 19.38681 19.38681 19.38681 17.45809 19.38681 18.97376 17.18388 16.63315 13.87949 11.26351 10.5751 12.65116 15.51019 14.90912 16.11125 14.30805 10.10056 16.11125 16.11125 16.11125 16.11125 16.11125 16.11125 16.11125 16.11125 16.11125 16.11125 16.11125 16.11125 16.11125 6.966597 9.69468 16.11125 16.11125 16.11125 16.11125 16.11125 16.11125 16.11125 16.25356 19.52663 23.36893 25.07662 25.21893 25.21893 25.21893 25.21893
19.38681 9.261011 18.66354 19.38681 19.38681 19.38681 19.38681 15.04718 19.38681 14.08282 10.70755 13.60064 18.66354 16.49372 16.73482 15.04718 15.77045 19.38681 19.38681 17.94027 16.49372 19.38681 19.38681 19.38681 19.38681 19.38681 18.97376 14.93338 15.93825 15.30983 14.5084 16.11125 13.30627 11.50306 16.11125 16.11125 16.11125 16.11125 16.11125 16.11125 16.11125 16.11125 16.11125 16.11125 16.11125 16.11125 16.11125 7.942856 8.097002 16.11125 16.11125 16.11125 16.11125 16.11125 16.11125 18.67279 23.93816 25.21893 25.21893 25.21893 25.21893 25.21893 25.21893 25.21893
19.38681 19.38681 19.38681 19.38681 19.38681 19.38681 19.38681 19.38681 19.38681 16.73482 5.403564 8.778831 19.38681 14.32391 16.73482 15.04718 19.38681 19.38681 19.38681 19.38681 19.38681 19.38681 19.38681 19.38681 19.38681 19.38681 19.38681 18.56792 16.11125 16.11125 16.11125 14.90912 13.48767 22.85481 34.85441 35.45903 35.45903 31.83132 23.36667 16.11125 16.11125 16.11125 16.11125 16.11125 16.11125 16.11125 14.5084 5.893083 11.90377 16.11125 16.11125 16.11125 16.82279 19.81125 23.08432 25.21893 25.21893 25.21893 25.21893 22.70999 23.96446 20.82828 25.21893 25.21893
19.38681 19.38681 15.77045 17.94027 19.38681 19.38681 19.38681 19.38681 19.38681 14.565 3.957021 4.921383 9.261011 15.04718 15.52936 19.38681 19.38681 19.38681 19.38681 19.38681 19.38681 19.38681 19.38681 19.38681 19.38681 19.38681 19.38681 21.53983 23.36667 23.36667 25.48283 24.47718 34.13614 24.87596 35.45903 35.45903 35.45903 35.45903 35.45903 28.20361 16.11125 16.11125 16.11125 16.11125 16.11125 16.11125 5.49237 12.50484 16.11125 17.24971 18.81509 22.23047 25.07662 25.21893 25.21893 25.21893 25.21893 25.21893 25.21893 22.70999 13.30146 23.02361 25.21893 25.21893
19.38681 19.38681 12.39519 16.73482 19.38681 19.38681 19.38681 19.38681 18.66354 8.778831 7.814468 15.52936 16.49372 14.32391 9.502102 13.60064 12.63628 19.38681 19.38681 18.42245 18.90463 19.38681 19.38681 19.38681 19.63794 28.1763 32.19436 35.2079 35.45903 35.45903 35.45903 35.45903 35.45903 35.45903 35.45903 35.45903 35.45903 35.45903 35.45903 35.45903 20.34358 16.11125 16.11125 16.11125 16.11125 16.11125 5.239856 23.36893 25.21893 25.21893 25.21893 25.21893 25.21893 25.21893 25.21893 25.21893 25.21893 25.21893 25.21893 24.4682 13.20725 16.9609 25.21893 25.21893
