sierraleone.txt
ncols         456
nrows         463
xllcorner     -13.303780242689
yllcorner     6.9169264111761
cellsize      0.0066664
NODATA_value  -9999
[rows 308 to 335 of 463, columns 320 to 383 of 456]
53.99547 53.99547 53.99547 53.99547 53.99547 53.99547 53.99547 53.99547 53.99547 53.99547 53.99547 53.99547 53.99547 53.99547 53.99547 53.99547 53.99547 159.6128 194.8186 53.99547 53.99547 53.99547 60.91331 65.06402 65.06402 65.06402 65.06402 58.59103 65.06402 65.06402 65.06402 65.06402 65.06402 65.06402 65.06402 65.06402 65.06402 65.06402 65.06402 8.133002 39.71133 60.9484 61.92493 62.90147 66.8076 78.526 78.526 78.526 35.55853 41.41773 78.526 78.526 72.6668 78.526 78.526 78.526 78.526 79.2076 42.20507 26.53991 52.6485 77.71275 45.3381 35.939
53.99547 53.99547 53.99547 855.9416 3269.838 53.99547 53.99547 53.99547 53.99547 53.99547 53.99547 53.99547 53.99547 53.99547 53.99547 53.99547 53.99547 53.99547 53.99547 53.99547 53.99547 57.45439 65.06402 65.06402 65.06402 65.06402 65.06402 65.06402 65.06402 65.06402 65.06402 65.06402 65.06402 65.06402 65.06402 65.06402 65.06402 48.67406 31.78555 22.36092 75.5964 49.23 58.99533 74.61987 58.99533 78.526 78.526 78.526 60.9484 54.11266 78.526 78.526 78.526 76.57294 74.61987 72.6668 75.5964 76.07457 40.11638 63.09193 69.35799 81.89012 44.29375 75.62405
53.99547 53.99547 53.99547 754.775 253.6427 53.99547 53.99547 53.99547 53.99547 53.99547 53.99547 53.99547 53.99547 53.99547 53.99547 53.99547 53.99547 53.99547 53.99547 53.99547 55.03315 64.37223 65.06402 65.06402 65.06402 65.06402 65.06402 65.06402 65.06402 65.06402 65.06402 65.06402 65.06402 65.06402 65.06402 65.06402 46.82742 15.02235 43.68768 57.21603 78.526 31.65239 43.37079 60.9484 63.878 78.526 72.6668 64.85453 78.526 78.526 78.526 78.526 78.526 72.6668 66.8076 60.9484 46.3004 56.74733 52.6485 70.40234 61.00325 42.20507 51.60416 61.00325
53.99547 53.99547 53.99547 53.99547 53.99547 53.99547 37.88003 53.99547 53.99547 53.99547 53.99547 53.99547 53.99547 53.99547 53.99547 53.99547 53.99547 282.8331 53.99547 53.99547 59.87564 65.06402 65.06402 65.06402 65.06402 65.06402 65.06402 65.06402 65.06402 65.06402 65.06402 65.06402 65.06402 65.06402 65.06402 37.30456 38.97026 67.11836 76.27673 78.526 78.526 72.6668 78.526 78.526 283.3261 78.526 63.878 71.69027 78.526 78.526 232.1261 78.526 78.526 78.526 78.526 78.526 63.878 37.71852 27.58426 53.69284 17.14082 17.14082 66.22497 81.89012
246.9558 53.99547 53.99547 53.99547 53.99547 53.99547 53.99547 53.99547 53.99547 53.99547 53.99547 53.99547 53.99547 53.99547 53.99547 53.99547 53.99547 53.99547 53.99547 53.99547 60.91331 65.06402 65.06402 65.06402 65.06402 65.06402 65.06402 65.06402 47.26331 62.63665 65.06402 65.06402 64.2549 51.70304 26.4393 54.73225 77.26394 59.97186 70.71373 78.526 75.5964 78.526 78.526 78.526 78.526 78.526 78.526 78.526 78.526 78.526 155.326 78.526 78.526 436.9262 98.47695 78.526 72.6668 73.80463 56.82587 50.55981 29.67294 17.14082 83.97881 83.97881
1074.292 104.7897 53.99547 53.99547 53.99547 53.99547 53.99547 53.99547 53.99547 53.99547 53.99547 53.99547 53.99547 53.99547 53.99547 53.99547 53.99547 53.99547 53.99547 53.99547 60.91331 65.06402 65.06402 65.06402 65.06402 65.06402 65.06402 65.06402 65.06402 65.06402 65.06402 65.06402 32.44983 15.9095 66.51911 78.526 78.526 60.9484 72.6668 78.526 66.8076 72.6668 78.526 78.526 78.526 78.526 78.526 78.526 78.526 78.526 78.526 78.526 78.526 78.526 70.71373 78.526 49.31519 75.1963 73.53537 64.13628 57.87022 67.26931 83.97881 83.97881
1682.868 70.92689 53.99547 53.99547 53.99547 53.99547 53.99547 53.99547 53.99547 53.99547 53.99547 53.99547 53.99547 53.99547 53.99547 53.99547 53.99547 53.99547 53.99547 53.99547 61.95099 65.06402 65.06402 65.06402 65.06402 65.06402 65.06402 62.63665 50.49981 65.06402 40.97694 22.74035 41.60798 70.81232 78.526 78.526 78.526 65.83106 76.57294 78.526 63.878 72.6668 78.526 78.526 78.526 78.526 78.526 78.526 78.526 78.526 78.526 69.7372 66.8076 78.526 78.526 78.526 81.16721 82.93446 81.89012 83.97881 83.97881 83.97881 83.97881 83.97881
2442.909 100.3511 53.99547 53.99547 53.99547 53.99547 71.59837 53.99547 53.99547 53.99547 53.99547 53.99547 53.99547 53.99547 53.99547 53.99547 53.99547 53.99547 53.99547 54.34137 64.54518 65.06402 65.06402 61.82753 32.35023 59.44558 65.69505 65.06402 65.06402 48.88156 11.53658 55.98557 74.73981 78.526 78.526 78.526 78.526 78.526 58.99533 78.526 78.526 78.526 78.526 78.526 78.526 78.526 78.526 78.526 78.526 78.526 63.878 78.526 64.85453 75.60094 58.08046 76.42467 77.71275 63.09193 71.44669 83.97881 73.92561 63.87242 62.532 55.82987
2421.675 118.8591 53.99547 53.99547 53.99547 318.0388 159.6128 53.99547 53.99547 159.6128 106.8041 53.99547 53.99547 53.99547 53.99547 53.99547 53.99547 53.99547 53.99547 56.93555 65.06402 65.06402 62.63665 19.14127 34.69615 22.26189 27.32889 65.06402 65.06402 36.68206 40.10516 75.37085 78.526 78.526 78.526 78.526 78.526 58.0188 74.61987 78.526 78.526 78.526 78.526 78.526 78.526 78.526 78.526 78.526 78.526 78.526 55.0892 58.0188 39.66722 41.67787 37.5087 41.7554 29.03863 37.74267 61.19157 45.77668 41.08519 41.08519 41.08519 41.08519
2028.362 295.28 53.99547 53.99547 53.99547 53.99547 53.99547 53.99547 53.99547 53.99547 53.99547 53.99547 53.99547 53.99547 53.99547 53.99547 53.99547 53.99547 53.99547 60.22153 65.06402 49.8773 19.8562 50.35849 78.526 78.526 48.8436 22.4553 61.82753 15.83147 69.69157 72.6668 74.61987 78.526 42.39426 66.8076 78.526 78.526 78.526 78.526 78.526 78.526 78.526 78.526 78.526 78.526 78.526 71.69027 70.71373 78.526 56.06573 30.51567 23.37495 41.08519 41.08519 41.08519 41.08519 41.08519 41.08519 41.08519 30.86664 36.99777 41.08519 41.08519
4734.427 1724.341 212.4215 53.99547 53.99547 53.99547 53.99547 53.99547 53.99547 53.99547 53.99547 53.99547 53.99547 53.73761 44.69577 24.44507 18.61231 29.77031 55.37904 64.37223 52.86451 9.046556 46.55094 78.31566 78.526 78.526 78.526 45.99955 15.37414 34.58347 77.47428 66.8076 41.41773 78.526 78.526 78.526 78.526 78.526 78.526 78.526 78.526 78.526 78.526 78.526 78.526 78.526 69.7372 40.44119 78.526 78.526 27.02982 17.24382 34.95406 41.08519 41.08519 41.08519 108.0555 496.483 34.95406 41.08519 41.08519 41.08519 41.08519 41.08519
1690.182 77.17329 53.99547 53.99547 53.99547 53.99547 41.34028 28.20315 31.475 37.69049 31.99161 37.51829 37.12189 20.1772 9.301643 11.02377 11.44483 19.37361 17.62041 27.32492 18.77692 27.09838 77.26394 78.526 78.526 78.526 78.526 74.61987 63.85279 74.61987 73.64333 73.64333 75.5964 78.526 78.526 78.526 78.526 78.526 78.526 78.526 78.526 78.526 78.526 78.526 78.526 78.526 75.5964 73.64333 76.57294 66.8076 35.00233 23.20274 30.86664 36.99777 41.08519 41.08519 54.47924 343.5282 22.69181 40.57426 38.01962 31.8885 36.99777 40.06333
140.0845 100.3511 53.99547 53.99547 53.99547 42.19461 9.998197 7.270304 6.552881 6.572306 6.835465 2.998974 7.077946 37.80769 208.6107 37.49229 37.49229 38.50827 30.2782 242.9837 27.62135 40.24673 58.99533 78.526 78.526 78.526 78.526 78.526 78.526 78.526 39.46466 54.11266 78.526 78.526 78.526 78.526 78.526 78.526 78.526 78.526 78.526 78.526 78.526 78.526 78.526 78.526 78.526 66.8076 72.6668 62.73066 41.08519 41.08519 30.35572 38.01962 41.08519 41.08519 41.08519 39.55241 25.75737 38.01962 41.08519 36.48684 9.407708 34.95406
150.0179 123.5289 53.99547 53.99547 26.76861 5.382008 11.60959 22.5724 30.96484 33.81495 33.97285 33.76232 35.6273 37.49229 61.93778 37.49229 37.49229 37.49229 37.49229 37.49229 37.49229 37.49229 61.02481 78.526 78.526 78.526 78.526 69.7372 78.526 78.526 73.64333 76.57294 78.526 78.526 78.526 78.526 78.526 78.526 78.526 78.526 78.526 78.526 78.526 78.526 78.526 35.55853 56.06573 78.526 74.43091 42.25521 41.08519 41.08519 41.08519 41.08519 41.08519 41.08519 41.08519 41.08519 41.08519 41.08519 41.08519 41.08519 18.60439 34.95406
120.2178 53.99547 53.22189 28.31137 4.148861 22.10615 26.30237 7.652511 27.23487 35.6273 37.49229 37.49229 37.49229 37.49229 37.49229 37.49229 37.49229 37.49229 34.69481 31.89733 37.49229 36.09355 43.26266 77.88485 78.526 78.526 78.526 42.39426 78.526 78.526 78.526 78.526 78.526 78.526 78.526 78.526 78.526 78.526 78.526 78.526 78.526 78.526 78.526 78.526 44.34733 37.51159 78.526 78.526 50.44539 30.86664 24.22459 41.08519 34.95406 38.01962 41.08519 40.06333 38.53055 41.08519 41.08519 41.08519 41.08519 41.08519 28.31201 38.01962
53.99547 53.22189 38.56274 5.691242 13.24747 34.69481 26.30237 7.652511 7.652511 26.76862 37.49229 37.49229 37.49229 37.49229 37.49229 30.49859 34.69481 37.49229 23.50489 26.30237 30.49859 27.70111 22.10615 54.51054 78.526 78.526 78.526 78.526 60.9484 63.878 52.1596 78.526 78.526 78.526 78.526 78.526 78.526 78.526 78.526 78.526 78.526 78.526 78.526 78.526 64.85453 78.526 69.7372 64.48569 41.08519 24.73552 28.82294 41.08519 41.08519 41.08519 41.08519 39.04148 35.97591 41.08519 41.08519 41.08519 25.75737 21.15903 34.95406 41.08519
53.99547 44.19671 32.24401 4.065396 28.16736 37.49229 36.09355 30.49859 18.84243 35.6273 37.49229 37.49229 37.49229 37.49229 37.49229 36.09355 37.49229 32.82983 34.69481 27.70111 30.96484 25.36988 26.76862 36.06369 60.9484 78.526 66.8076 51.18306 53.13613 74.61987 58.99533 50.20653 66.8076 78.526 78.526 78.526 78.526 78.526 78.526 78.526 78.526 78.526 78.526 78.526 78.526 41.41773 19.95527 18.36105 27.80108 31.37757 36.99777 26.2683 41.08519 41.08519 41.08519 18.60439 27.80108 41.08519 41.08519 20.6481 14.51698 8.385854 36.99777 33.93221
49.86967 32.15519 10.73649 14.6101 36.09355 37.49229 37.49229 33.76232 20.70741 37.49229 37.49229 37.49229 37.49229 37.49229 37.49229 37.49229 37.49229 36.09355 29.09985 37.49229 37.49229 15.11246 33.76232 37.49229 66.98527 78.526 55.0892 53.13613 60.9484 78.526 62.90147 30.67586 51.18306 62.90147 76.57294 78.526 78.526 78.526 78.526 78.526 78.526 78.526 78.526 78.526 70.71373 16.02785 10.53517 15.53883 32.91035 24.73552 38.01962 33.42128 41.08519 29.84479 34.44313 17.58254 20.6481 33.42128 31.8885 9.918635 8.385854 8.385854 8.385854 26.77923
35.4684 11.23884 6.779411 32.82983 37.49229 37.49229 33.29607 29.5661 34.69481 37.49229 37.49229 37.49229 37.49229 37.49229 37.49229 37.49229 37.49229 37.49229 37.49229 37.49229 37.49229 34.69481 35.6273 37.49229 41.98035 76.60255 75.5964 73.64333 64.85453 78.526 42.39426 18.95745 61.92493 62.90147 73.64333 78.526 78.526 78.526 78.526 78.526 78.526 78.526 74.61987 58.99533 26.76972 13.1621 19.11532 39.04148 22.69181 26.77923 41.08519 41.08519 41.08519 40.06333 19.62625 8.385854 16.04976 31.37757 18.60439 8.385854 8.385854 8.385854 28.82294 15.53883
9.337749 15.32753 37.49229 37.49229 37.49229 30.49859 30.49859 37.49229 29.09985 36.09355 37.49229 37.49229 37.49229 37.49229 37.49229 37.49229 37.49229 37.49229 37.49229 37.49229 37.49229 37.49229 37.49229 184.1652 74.16052 52.23878 75.5964 78.526 78.526 78.526 78.526 69.7372 66.8076 78.526 78.526 78.526 78.526 78.526 78.526 78.526 78.526 78.526 62.90147 41.41773 15.07261 8.744073 32.91035 41.08519 41.08519 41.08519 30.86664 35.46499 39.04148 38.01962 39.55241 29.84479 20.6481 41.08519 35.97591 9.918635 8.385854 8.385854 27.29016 8.385854
15.65013 35.6273 37.49229 37.49229 31.89733 34.69481 34.69481 37.49229 29.09985 36.09355 37.49229 37.49229 37.49229 37.49229 37.49229 37.49229 37.49229 37.49229 37.49229 37.49229 37.49229 37.49229 37.49229 37.49229 37.49229 37.49229 58.74878 58.0188 78.526 78.526 78.526 78.526 69.7372 78.526 78.526 78.526 78.526 78.526 78.526 78.526 78.526 78.526 47.27693 21.88706 33.69947 11.45142 26.77923 41.08519 31.8885 39.55241 41.08519 24.22459 33.93221 16.56069 25.75737 8.385854 11.45142 34.95406 20.6481 8.385854 8.385854 8.385854 8.385854 8.385854
36.09355 37.49229 37.49229 37.49229 37.49229 37.49229 37.49229 37.49229 37.49229 37.49229 37.49229 37.49229 37.49229 37.49229 37.49229 37.49229 37.49229 37.49229 37.49229 37.49229 37.49229 37.49229 37.49229 37.49229 37.49229 37.49229 63.66637 71.69027 78.526 78.526 78.526 66.8076 62.90147 78.526 78.526 78.526 78.526 78.526 78.526 78.526 72.6668 55.0892 47.27693 21.76765 11.25339 8.385854 8.385854 23.20274 16.56069 40.57426 41.08519 38.01962 40.57426 30.86664 32.39943 8.385854 19.11532 39.04148 34.95406 20.13718 12.9842 8.385854 8.385854 8.385854
37.49229 37.49229 37.49229 37.49229 37.49229 37.49229 37.49229 37.49229 37.49229 37.49229 37.49229 37.49229 37.49229 37.49229 37.49229 37.49229 37.49229 37.49229 37.49229 37.49229 37.49229 37.49229 37.49229 37.49229 37.49229 34.77682 32.85336 55.89711 77.77171 78.526 78.526 69.7372 47.27693 78.526 78.526 78.526 78.526 78.526 78.526 78.526 68.76067 39.46466 56.06573 35.12347 8.385854 8.385854 8.385854 8.385854 26.77923 41.08519 41.08519 41.08519 40.06333 39.04148 41.08519 8.385854 20.6481 40.06333 34.95406 33.93221 8.385854 8.385854 8.385854 8.385854
37.49229 37.49229 37.49229 37.49229 37.49229 37.49229 37.49229 37.49229 37.49229 37.49229 37.49229 37.49229 37.49229 37.49229 37.49229 37.49229 37.49229 37.49229 37.49229 37.49229 37.49229 37.49229 37.03971 35.00311 32.06135 30.25104 30.25104 30.25104 38.55401 69.85445 78.526 66.8076 74.61987 78.526 78.526 78.526 78.526 78.526 78.526 78.526 68.76067 21.88706 45.52189 20.89459 8.385854 8.385854 8.385854 8.385854 32.91035 41.08519 28.82294 38.01962 26.2683 32.91035 41.08519 11.45142 17.58254 40.57426 38.01962 37.5087 12.9842 8.385854 8.385854 8.385854
37.49229 37.49229 37.49229 37.49229 37.49229 37.49229 37.49229 27.70111 37.49229 37.49229 37.49229 37.49229 37.49229 37.49229 37.49229 37.49229 37.49229 37.49229 37.49229 37.49229 37.49229 35.34254 30.9299 30.25104 30.25104 29.49865 24.9843 30.25104 21.97473 34.40252 76.26311 78.526 78.526 78.526 78.526 78.526 78.526 78.526 78.526 78.526 78.526 54.73098 10.17695 8.385854 8.385854 8.385854 8.385854 10.42956 33.93221 34.95406 26.2683 17.07161 26.77923 36.99777 29.33386 36.99777 20.13718 30.35572 31.8885 37.5087 12.9842 8.385854 8.896781 9.407708
37.49229 37.49229 37.49229 37.49229 49.71503 37.49229 37.49229 37.49229 31.89733 37.49229 37.49229 37.49229 37.49229 37.49229 37.49229 37.49229 37.49229 37.49229 37.49229 37.49229 33.41909 30.25104 30.25104 30.25104 30.25104 28.74625 28.74625 24.6081 22.72712 30.25104 55.89711 78.526 78.526 78.526 78.526 78.526 78.526 78.526 78.526 60.9484 76.77097 37.59813 8.385854 8.385854 8.385854 8.385854 12.9842 36.99777 41.08519 41.08519 39.04148 32.91035 30.35572 31.8885 29.33386 22.18089 17.58254 41.08519 41.08519 30.86664 25.24645 25.24645 12.47327 16.56069
37.49229 37.49229 37.49229 37.49229 159.7197 37.49229 36.09355 11.84873 21.63991 37.02604 37.49229 37.49229 37.49229 37.49229 37.49229 37.49229 37.49229 37.49229 37.49229 128.7425 30.25104 30.25104 30.25104 30.25104 30.25104 30.25104 30.25104 16.33179 27.24147 30.25104 43.82837 78.526 78.526 78.526 78.526 78.526 78.526 78.526 78.526 75.5964 39.5177 28.82294 16.56069 8.385854 10.42956 14.51698 11.45142 34.95406 41.08519 41.08519 41.08519 41.08519 37.5087 25.75737 33.42128 33.93221 20.13718 41.08519 35.97591 17.07161 9.918635 16.04976 10.94049 13.49512
37.49229 37.49229 37.49229 37.49229 37.49229 32.82983 14.64621 9.983744 16.97744 36.09355 37.49229 37.49229 37.49229 37.49229 37.49229 37.49229 37.49229 37.49229 36.36084 136.6324 30.25104 30.25104 30.25104 30.25104 30.25104 30.25104 30.25104 30.25104 59.83717 89.4233 34.77682 77.77171 78.526 78.526 78.526 78.526 78.526 78.526 78.526 65.19778 29.84479 28.31201 33.93221 8.385854 20.6481 25.75737 33.42128 41.08519 41.08519 30.86664 28.82294 33.42128 35.97591 34.95406 41.08519 35.97591 16.04976 25.24645 14.51698 9.918635 8.385854 8.385854 14.51698 11.45142
