sierraleone.txt
ncols         456
nrows         463
xllcorner     -13.303780242689
yllcorner     6.9169264111761
cellsize      0.0066664
NODATA_value  -9999
[rows 84 to 111 of 463, columns 128 to 191 of 456]
12.61708 12.61708 12.61708 12.61708 12.61708 12.61708 19.74722 23.74706 23.74706 23.74706 23.74706 23.74706 23.74706 23.74706 23.74706 23.74706 23.74706 23.74706 23.74706 23.74706 31.34868 36.31898 44.7677 62.08479 46.19953 38.95031 24.91654 26.96313 28.71735 23.74706 32.42812 41.10918 23.74706 71.49289 94.64238 35.3218 22.81367 22.21534 22.21534 22.21534 22.21534 22.21534 24.92238 28.98294 22.21534 22.21534 22.21534 22.21534 22.21534 22.21534 22.21534 22.21534 22.21534 22.21534 22.21534 22.21534 22.21534 22.21534 22.21534 22.21534 22.21534 22.21534 22.21534 22.21534
12.61708 12.61708 12.61708 12.61708 12.61708 12.61708 14.70395 23.74706 23.74706 23.74706 23.74706 23.74706 23.74706 23.74706 23.74706 23.74706 23.74706 23.74706 23.74706 23.74706 27.2555 29.00972 38.0732 42.45875 33.98001 25.50128 23.74706 23.74706 23.74706 23.74706 23.74706 23.74706 23.74706 49.79024 41.10918 31.97339 22.21534 30.33646 22.21534 22.21534 22.21534 22.21534 64.17445 84.47726 22.21534 22.21534 22.21534 22.21534 22.21534 22.21534 22.21534 22.21534 22.21534 22.21534 22.21534 22.21534 22.21534 22.21534 22.21534 22.21534 22.21534 22.21534 22.21534 22.21534
12.61708 12.61708 12.61708 12.61708 12.61708 12.61708 12.61708 22.87753 23.74706 23.74706 23.74706 23.74706 23.74706 23.74706 23.74706 23.74706 23.74706 23.74706 23.74706 23.74706 23.74706 27.2555 38.95031 39.82742 33.10291 23.74706 23.74706 23.74706 23.74706 23.74706 32.42812 41.10918 23.74706 23.74706 23.62739 22.4068 43.87166 26.2759 22.21534 22.21534 22.21534 22.21534 28.98294 77.70966 72.29558 22.21534 22.21534 22.21534 22.21534 22.21534 22.21534 22.21534 22.21534 22.21534 22.21534 22.21534 22.21534 22.21534 22.21534 22.21534 46.5787 26.2759 22.21534 22.21534
12.61708 12.61708 12.61708 12.61708 12.61708 12.61708 12.61708 22.1819 23.74706 23.74706 23.74706 23.74706 23.74706 23.74706 23.74706 23.74706 23.74706 23.74706 23.74706 23.74706 24.55391 31.2321 23.17266 25.92366 23.57952 23.74706 23.74706 23.74706 23.74706 23.74706 49.79024 33.87496 23.74706 23.65132 22.64614 57.40686 31.68998 22.21534 22.21534 22.21534 22.21534 22.21534 22.21534 22.21534 76.35614 43.87166 108.8406 65.52798 28.98294 22.21534 22.21534 22.21534 22.21534 22.21534 22.21534 22.21534 22.21534 22.21534 22.21534 22.21534 24.92238 27.62942 22.21534 22.21534
12.61708 12.61708 12.61708 12.61708 12.61708 12.61708 12.61708 20.96456 23.74706 23.74706 23.74706 23.74706 23.74706 23.74706 23.74706 23.74706 23.74706 23.74706 23.67526 25.92828 29.32665 28.77962 27.13855 22.21534 22.23927 22.52647 22.6222 23.053 23.36413 23.14873 34.24482 22.59827 22.59827 22.31107 22.21534 22.21534 50.63926 34.39702 22.21534 22.21534 22.21534 22.21534 22.21534 22.21534 41.16462 43.87166 108.8406 100.7195 56.05334 22.21534 22.21534 22.21534 22.21534 22.21534 22.21534 22.21534 22.21534 22.21534 22.21534 22.21534 43.87166 65.52798 22.21534 22.21534
12.61708 12.61708 12.61708 12.61708 12.61708 12.61708 12.61708 18.18207 24.62417 24.62417 23.74706 23.74706 23.74706 23.74706 23.74706 23.74706 23.74706 23.74706 22.9812 28.77962 22.21534 24.12992 23.03588 29.60016 23.30939 22.21534 22.21534 22.21534 22.21534 22.21534 95.88795 59.05165 22.21534 22.21534 22.21534 22.21534 26.2759 22.21534 22.21534 22.21534 22.21534 22.21534 22.21534 22.21534 26.2759 35.75054 104.7801 87.1843 22.21534 22.21534 22.21534 22.21534 22.21534 22.21534 22.21534 22.21534 22.21534 22.21534 22.21534 22.21534 43.87166 65.52798 22.21534 22.21534
12.61708 12.61708 12.61708 12.61708 12.61708 12.61708 12.61708 15.10251 20.04877 23.0567 15.57348 18.35597 23.22534 23.74706 23.74706 23.74706 23.74706 23.74706 22.45467 22.21534 22.21534 28.77962 22.21534 22.21534 26.31802 30.4207 22.76236 22.21534 22.21534 22.21534 280.0695 502.7284 22.21534 22.21534 22.21534 22.21534 22.21534 22.21534 22.21534 22.21534 22.21534 49.28574 22.21534 22.21534 61.46742 84.47726 108.8406 70.94205 22.21534 22.21534 22.21534 22.21534 22.21534 22.21534 22.21534 22.21534 22.21534 22.21534 22.21534 22.21534 30.33646 38.45758 22.21534 30.33646
12.61708 12.61708 12.61708 12.61708 13.70445 14.79183 12.61708 22.55881 16.03455 13.70445 12.61708 12.61708 16.96473 23.74706 23.74706 23.74706 23.74706 23.50772 22.21534 22.21534 22.21534 23.03588 22.21534 22.21534 22.21534 23.85641 22.48885 22.21534 22.21534 22.21534 22.21534 26.31802 22.21534 22.21534 22.21534 22.21534 22.21534 22.21534 22.21534 26.2759 54.69982 81.77022 22.21534 22.21534 27.62942 89.89133 70.94205 22.21534 22.21534 27.36995 35.8067 22.21534 22.21534 22.21534 22.21534 22.21534 22.21534 22.21534 22.21534 60.1139 41.16462 22.21534 22.21534 54.69982
31.06645 12.61708 12.61708 12.61708 12.61708 15.41319 13.23843 14.94717 13.54911 12.61708 12.61708 12.61708 15.39957 23.74706 23.74706 23.74706 23.74706 23.19659 22.21534 22.21534 22.21534 22.21534 22.21534 22.21534 23.5829 24.95046 22.21534 22.21534 22.21534 22.21534 22.21534 22.21534 26.31802 22.21534 22.21534 22.21534 22.21534 22.21534 50.63926 26.2759 68.23502 65.52798 22.21534 22.21534 26.2759 95.30541 49.28574 22.21534 22.21534 53.3463 88.82536 23.03588 22.21534 22.21534 22.21534 22.21534 26.2759 22.21534 22.21534 22.21534 22.21534 22.21534 22.21534 87.1843
12.61708 12.61708 12.61708 12.61708 12.61708 13.23843 15.25785 12.61708 16.81124 14.48115 12.61708 14.48115 19.41302 23.74706 23.74706 23.74706 23.74706 23.10086 22.21534 22.21534 22.21534 22.21534 23.85641 28.77962 26.04451 23.30939 22.21534 22.21534 22.21534 22.21534 22.21534 22.21534 31.97753 66.8815 38.45758 22.21534 22.21534 22.21534 22.21534 38.45758 35.75054 49.28574 22.21534 22.21534 22.21534 62.82094 37.10406 22.21534 22.21534 41.16462 96.94649 29.55804 22.21534 22.21534 22.21534 22.21534 42.51814 22.21534 22.21534 22.21534 22.21534 22.21534 30.33646 58.76038
12.61708 12.61708 12.61708 12.61708 12.61708 12.61708 12.61708 12.61708 17.27726 15.72387 12.61708 14.48115 27.22909 30.47157 24.91654 23.74706 23.69919 22.4786 22.21534 22.21534 22.21534 22.21534 32.85423 36.91478 26.59153 22.21534 22.21534 22.21534 22.21534 22.21534 22.21534 27.62942 41.16462 73.64909 43.87166 22.21534 22.21534 22.21534 22.21534 43.87166 22.21534 22.21534 22.21534 22.21534 22.21534 22.21534 22.21534 62.82094 30.33646 23.56886 30.88348 28.72347 22.21534 22.21534 22.21534 76.35614 30.33646 22.21534 22.21534 22.21534 22.21534 22.21534 22.21534 22.21534
12.61708 12.61708 12.61708 12.61708 12.61708 12.61708 12.61708 16.03455 21.62677 16.34523 13.23843 15.10251 28.79868 42.45875 55.74245 22.9812 24.5949 22.21534 22.21534 22.21534 22.21534 33.0435 43.13536 47.93222 22.21534 22.21534 22.21534 22.21534 22.21534 37.10406 35.75054 65.52798 76.35614 108.8406 60.1139 51.99278 76.35614 54.69982 38.45758 22.21534 22.21534 22.21534 22.21534 22.21534 22.21534 22.21534 22.21534 46.5787 22.21534 22.21534 22.21534 54.69982 22.21534 22.21534 22.21534 38.45758 22.21534 22.21534 22.21534 22.21534 22.21534 33.0435 29.35904 17.13275
12.61708 12.61708 12.61708 12.61708 12.61708 12.61708 12.61708 15.72387 13.85979 12.61708 14.17047 22.09279 19.21187 35.13922 27.62942 22.21534 27.68558 22.21534 22.21534 22.21534 30.33646 98.01245 35.75054 35.75054 54.69982 46.5787 22.21534 30.33646 30.33646 53.3463 100.7195 103.4265 88.53782 108.8406 108.8406 108.8406 108.8406 69.58854 106.1336 43.87166 30.33646 38.45758 22.21534 22.21534 22.21534 22.21534 22.21534 22.21534 22.21534 22.21534 22.21534 22.21534 22.21534 22.21534 22.21534 22.21534 22.21534 22.21534 22.01986 17.52372 12.24564 12.26486 23.89456 9.704341
12.61708 12.61708 12.61708 12.61708 12.61708 12.61708 12.61708 12.61708 12.61708 17.05237 19.27001 21.2294 14.86667 23.03588 26.31802 25.49748 24.40343 22.21534 22.21534 22.21534 30.33646 38.45758 22.21534 22.21534 87.1843 81.77022 22.21534 22.21534 34.39702 33.0435 108.8406 108.8406 100.7195 108.8406 108.8406 108.8406 108.8406 75.00262 30.33646 22.21534 68.23502 47.93222 54.69982 22.21534 22.21534 22.21534 22.21534 22.21534 22.21534 23.56886 33.0435 23.56886 22.21534 22.21534 21.62889 19.08759 19.08759 16.93726 11.65918 9.704341 9.704341 9.704341 9.704341 9.704341
12.61708 12.61708 12.61708 12.61708 12.61708 12.61708 12.61708 12.61708 18.43839 30.35824 30.35824 34.84343 35.20133 39.11094 23.16311 27.13855 26.59153 22.21534 22.21534 22.21534 22.21534 22.21534 25.49748 31.33064 79.58451 63.40154 33.929 24.75999 22.21534 28.98294 100.7195 108.8406 92.59837 108.8406 104.7801 68.23502 76.44303 101.5297 23.36044 22.21534 22.21534 22.21534 22.21534 22.21534 22.21534 22.21534 22.21534 22.21534 22.21534 24.92238 43.87166 24.92238 22.21534 16.74178 10.48628 9.704341 9.704341 9.704341 9.704341 9.704341 9.704341 9.704341 9.704341 9.704341
12.61708 12.61708 12.61708 12.61708 12.61708 12.61708 12.61708 12.61708 26.75456 30.35824 30.35824 36.3385 40.07616 33.34837 29.59484 25.52339 22.21534 22.21534 22.21534 22.21534 22.21534 22.21534 25.43425 32.76616 52.19939 86.63348 37.45979 32.83944 53.7373 53.3463 106.1336 108.8406 98.01245 89.89133 61.46742 30.33646 28.32251 41.45611 26.92295 22.21534 22.21534 22.21534 22.21534 22.21534 43.87166 22.21534 31.68998 45.22518 33.0435 30.33646 38.45758 22.21534 18.50114 9.704341 9.704341 9.704341 9.704341 9.704341 9.704341 9.704341 9.704341 9.704341 9.704341 9.704341
12.61708 12.61708 12.61708 12.61708 12.61708 12.61708 12.61708 17.88398 30.35824 30.35824 30.35824 30.35824 33.72213 30.35824 30.35824 30.35824 27.94081 23.74213 22.21534 22.21534 24.3783 27.17742 30.231 30.35824 35.90717 41.45611 38.20732 43.81382 56.77656 105.76 119.5194 99.19374 65.68134 24.75999 24.50553 26.92295 30.35824 30.35824 29.59484 22.4698 22.21534 22.21534 22.21534 22.21534 50.63926 27.62942 88.53782 95.30541 75.00262 22.21534 22.21534 22.21534 11.65918 9.704341 9.704341 9.704341 9.704341 9.704341 9.704341 9.704341 9.704341 9.704341 9.704341 9.704341
12.61708 12.61708 12.61708 12.61708 12.61708 12.61708 15.38913 28.695 30.35824 30.35824 30.35824 30.35824 30.35824 69.20078 52.55397 30.35824 30.35824 30.35824 29.46761 29.84931 30.35824 30.35824 30.35824 30.35824 30.35824 30.35824 33.72213 87.83153 44.44624 89.54688 145.0362 133.9383 58.10291 41.45611 30.35824 30.35824 30.35824 30.35824 30.35824 26.92295 22.21534 22.21534 22.21534 50.63926 22.21534 24.92238 70.94205 89.89133 69.58854 38.45758 22.21534 16.35081 9.704341 9.704341 9.704341 9.704341 9.704341 9.704341 9.704341 9.704341 9.704341 9.704341 9.704341 9.704341
12.61708 12.61708 12.61708 12.61708 12.61708 12.61708 27.03177 30.35824 30.35824 30.35824 30.35824 30.35824 35.59097 114.3973 30.35824 30.35824 30.35824 30.35824 30.35824 30.35824 30.35824 30.35824 30.35824 30.35824 30.35824 30.35824 38.20732 82.14829 48.85469 30.35824 41.45611 71.05042 122.8405 83.99794 30.35824 30.35824 30.35824 30.35824 30.35824 30.35824 27.05019 22.8515 22.21534 22.21534 43.87166 51.99278 49.28574 22.21534 34.39702 35.32983 12.83209 9.704341 9.704341 9.704341 9.704341 9.704341 9.704341 9.704341 9.704341 10.2956 14.43441 10.2956 9.704341 9.704341
12.61708 12.61708 12.61708 12.61708 12.61708 15.66634 29.80383 30.35824 30.35824 31.47954 39.32862 31.47954 30.35824 32.60083 30.35824 30.35824 30.35824 30.35824 30.35824 30.35824 30.35824 30.35824 30.35824 30.35824 30.35824 30.35824 30.35824 44.48461 37.75682 30.35824 30.35824 111.7426 58.10291 74.74971 52.55397 74.74971 30.35824 30.35824 30.35824 35.90717 41.45611 30.10377 28.32251 28.32251 33.85891 25.90509 52.04644 79.06318 21.40321 9.704341 27.44211 11.47812 9.704341 9.704341 9.704341 9.704341 9.704341 13.25189 29.21589 33.94596 36.90226 12.66064 20.347 9.704341
12.61708 15.87921 12.61708 12.61708 13.17149 12.61708 14.28031 24.29319 31.10577 30.732 36.3385 34.0959 30.35824 30.35824 30.35824 30.35824 30.35824 30.35824 30.35824 30.35824 30.35824 30.35824 30.35824 30.35824 30.35824 30.35824 30.35824 32.22707 31.10577 30.35824 30.35824 35.90717 61.8022 139.4873 124.6901 130.2391 43.30575 30.35824 52.55397 133.9383 56.25327 30.35824 30.35824 30.35824 31.47954 30.35824 95.0958 85.44005 10.88686 9.704341 13.25189 12.66064 19.75574 10.88686 9.704341 9.704341 9.704341 10.88686 25.07708 32.76344 12.06938 17.6358 14.68564 9.704341
12.61708 12.61708 12.61708 14.28031 27.58618 20.37884 14.79183 16.96659 23.90875 29.52662 40.07616 39.32862 30.35824 30.35824 30.35824 30.35824 30.35824 30.35824 30.35824 30.35824 30.35824 30.35824 30.35824 30.35824 30.35824 30.35824 30.35824 40.44992 34.84343 30.35824 30.35824 30.35824 76.59936 148.7355 148.7355 126.5398 58.10291 30.35824 47.00504 95.0958 104.344 39.60646 30.35824 41.45611 45.1554 59.95255 111.7426 38.29168 9.704341 9.704341 22.71204 19.75574 41.63233 16.79945 9.704341 9.704341 9.704341 9.704341 18.57323 40.44981 26.25959 12.21339 10.77965 9.704341
12.61708 12.61708 12.61708 20.93325 30.35824 30.35824 27.82275 22.55881 22.55881 16.22075 35.61592 30.35824 30.35824 30.35824 30.35824 30.35824 30.35824 30.35824 30.35824 30.35824 30.35824 30.35824 30.35824 30.35824 30.35824 30.35824 30.35824 31.47954 30.35824 47.00504 30.35824 52.55397 34.05753 45.1554 88.48313 34.05753 30.35824 30.35824 30.35824 45.1554 71.05042 32.20788 30.35824 58.10291 67.35114 111.7426 41.28279 12.93151 9.704341 9.704341 32.17218 12.66064 18.57323 9.704341 9.704341 16.79945 9.704341 9.704341 36.311 35.12848 19.16449 9.704341 9.704341 9.704341
12.61708 12.61708 12.61708 22.31927 30.35824 30.35824 30.08103 20.76849 77.71009 54.45902 14.00311 28.97221 30.35824 30.35824 30.35824 30.35824 30.35824 30.35824 30.35824 30.35824 30.35824 30.35824 30.35824 30.35824 30.35824 30.35824 30.35824 30.35824 30.35824 53.00449 126.5398 148.7355 30.35824 30.35824 70.77258 51.09728 52.55397 132.0887 71.05042 30.35824 30.35824 30.35824 30.35824 30.35824 28.54141 56.08776 29.21589 9.704341 9.704341 9.704341 9.704341 21.52952 23.89456 9.704341 9.704341 17.98197 26.85085 42.22359 33.3547 9.704341 9.704341 9.704341 9.704341 9.704341
12.61708 12.61708 12.61708 24.25971 30.35824 30.35824 30.35824 30.08103 61.66637 54.45902 12.61708 25.92295 30.35824 30.35824 30.35824 30.35824 30.35824 30.35824 30.35824 30.35824 30.35824 30.35824 30.35824 30.35824 30.35824 30.35824 52.55397 47.00504 80.29865 83.99794 148.7355 148.7355 30.35824 30.35824 61.8022 82.14829 30.35824 87.69723 126.5398 52.55397 30.35824 30.35824 30.35824 30.35824 25.43139 34.78844 29.80715 20.347 9.704341 9.704341 9.704341 28.62463 23.89456 9.704341 9.704341 33.3547 26.85085 47.54492 33.3547 9.704341 9.704341 9.704341 9.704341 9.704341
12.61708 12.61708 12.61708 28.4178 30.35824 30.35824 30.35824 30.35824 30.35824 27.86339 26.47736 30.35824 30.35824 30.35824 30.35824 30.35824 30.35824 30.35824 30.35824 30.35824 30.35824 30.35824 30.35824 30.35824 30.35824 34.05753 67.35114 91.39651 141.3369 148.7355 148.7355 119.1412 58.10291 30.35824 83.99794 119.1412 30.35824 34.05753 78.44901 37.75682 30.35824 30.35824 30.35824 63.65184 88.44868 37.88364 33.94596 11.47812 9.704341 9.704341 9.704341 41.04107 28.64303 18.69884 9.704341 20.347 46.95366 36.90226 22.71204 9.704341 9.704341 9.704341 9.704341 9.704341
12.61708 12.61708 17.32957 30.35824 30.35824 30.35824 30.35824 30.35824 30.35824 30.35824 30.35824 30.35824 30.35824 30.35824 30.35824 30.35824 30.35824 30.35824 30.35824 30.35824 30.35824 38.20732 30.35824 30.35824 30.35824 41.45611 52.55397 82.14829 71.05042 133.9383 148.7355 126.5398 91.39651 41.45611 45.1554 137.6376 104.344 74.74971 30.35824 33.34837 36.3385 31.10577 30.35824 58.10291 69.20078 37.46191 28.62463 9.704341 9.704341 9.704341 9.704341 42.81485 28.03337 47.54492 9.704341 11.13808 36.44888 38.08477 22.12078 9.704341 9.704341 9.704341 20.93826 15.61693
23.4281 15.38913 25.64574 30.35824 30.35824 30.35824 30.35824 30.35824 30.35824 30.35824 30.35824 30.35824 30.35824 30.35824 30.35824 30.35824 30.35824 30.35824 30.35824 30.35824 30.35824 30.35824 30.35824 30.35824 30.35824 30.35824 30.35824 39.60646 34.05753 59.95255 100.6447 148.7355 139.4873 139.4873 135.788 122.8405 135.788 74.74971 30.35824 37.83356 54.27927 41.19746 111.7426 61.8022 30.35824 110.1615 23.3033 9.704341 9.704341 9.704341 17.98197 34.53722 26.85085 33.94596 9.704341 23.93135 34.33506 9.704341 9.704341 9.704341 9.704341 16.79945 12.66064 12.66064
