sierraleone.txt
ncols         456
nrows         463
xllcorner     -13.303780242689
yllcorner     6.9169264111761
cellsize      0.0066664
NODATA_value  -9999
[rows 252 to 279 of 463, columns 64 to 127 of 456]
8.742485 6.885494 6.041407 17.82018 24.44573 29.59894 24.07764 24.07764 29.59894 17.82018 6.041407 6.041407 14.87548 29.59894 29.59894 29.59894 28.86277 22.23721 23.70956 23.70956 10.45844 28.49468 24.07764 14.5074 29.59894 29.59894 24.07764 27.39042 26.65425 28.86277 29.59894 29.59894 29.59894 29.59894 29.59894 29.59894 29.59894 29.59894 29.59894 29.59894 29.59894 29.59894 29.59894 29.59894 29.59894 29.59894 38.8506 47.01382 47.01382 47.01382 47.01382 47.01382 47.01382 47.01382 30.6435 11.93456 41.75193 47.01382 47.01382 47.01382 47.01382 47.01382 47.01382 41.75193
8.658076 6.125816 6.041407 17.82018 27.39042 29.59894 29.59894 29.59894 29.59894 14.87548 9.354185 6.041407 21.50104 29.59894 29.59894 29.59894 28.1266 23.70956 24.07764 23.70956 8.249926 14.13931 24.07764 25.54999 18.55635 24.07764 29.59894 29.59894 23.70956 28.1266 29.59894 29.59894 29.59894 29.59894 29.59894 29.59894 29.59894 29.59894 29.59894 29.59894 29.59894 29.59894 29.59894 29.59894 29.59894 29.59894 38.8506 47.01382 47.01382 47.01382 47.01382 47.01382 47.01382 47.01382 44.67521 42.33659 39.99797 24.2123 39.99797 47.01382 47.01382 47.01382 47.01382 47.01382
7.180924 6.041407 6.041407 11.93079 12.66696 25.91808 29.59894 29.59894 29.59894 27.39042 23.34147 14.5074 26.65425 28.1266 28.86277 29.59894 24.07764 20.76487 7.513753 14.87548 13.77122 12.29888 21.13295 13.03505 21.50104 29.23086 29.59894 29.59894 29.59894 29.59894 29.59894 29.59894 29.59894 29.59894 29.59894 29.59894 29.59894 29.59894 29.59894 29.59894 29.59894 29.59894 29.59894 29.59894 29.59894 29.59894 42.6601 47.01382 47.01382 47.01382 47.01382 47.01382 47.01382 47.01382 47.01382 32.98212 40.58263 30.05885 37.65936 47.01382 47.01382 47.01382 47.01382 35.32074
8.249926 7.513753 18.55635 14.5074 25.91808 25.1819 29.59894 29.59894 29.59894 29.59894 29.59894 29.59894 29.59894 25.1819 27.39042 21.13295 29.59894 29.59894 13.03505 27.39042 29.59894 19.66061 27.39042 13.03505 27.39042 29.59894 29.59894 29.59894 29.59894 29.59894 29.59894 29.59894 29.59894 29.59894 29.59894 29.59894 29.59894 29.59894 29.59894 29.59894 29.59894 29.59894 29.59894 29.59894 29.59894 29.59894 44.83696 47.01382 45.77409 42.46815 46.60058 47.01382 47.01382 47.01382 47.01382 47.01382 43.5059 24.2123 47.01382 47.01382 47.01382 47.01382 47.01382 25.96626
17.45209 15.24357 29.59894 26.65425 10.45844 27.02234 29.59894 29.59894 29.59894 29.59894 29.59894 29.59894 29.59894 29.59894 29.59894 13.40314 29.59894 29.59894 29.59894 180.3094 28.1266 11.93079 29.59894 29.59894 29.59894 29.59894 29.59894 29.59894 29.59894 29.59894 29.59894 29.59894 29.59894 29.59894 29.59894 29.59894 29.59894 29.59894 29.59894 29.59894 29.59894 29.59894 29.59894 29.59894 29.59894 28.89326 37.09599 31.72383 22.21923 20.56626 20.9795 25.11193 27.18743 30.55915 47.01382 47.01382 47.01382 45.25986 47.01382 47.01382 47.01382 18.95041 36.99579 47.01382
7.145667 6.041407 6.041407 6.041407 11.93079 26.28616 29.59894 29.59894 29.59894 29.59894 29.59894 29.59894 29.59894 29.59894 22.97338 25.1819 29.59894 29.59894 27.02234 24.44573 29.59894 29.59894 29.59894 29.59894 29.59894 29.59894 29.59894 29.59894 29.59894 29.59894 29.59894 29.59894 29.59894 29.59894 29.59894 29.59894 29.59894 29.59894 29.59894 29.59894 29.59894 29.59894 29.59894 29.59894 26.21169 21.1308 14.42807 20.56626 20.56626 20.56626 20.56626 20.56626 20.56626 24.28545 35.85626 40.40193 40.40193 38.33572 31.31058 27.17815 24.69869 20.27144 6.755335 26.19543
13.77122 23.70956 23.70956 23.70956 25.1819 29.59894 29.59894 29.59894 29.59894 29.59894 29.59894 29.59894 29.59894 29.59894 29.59894 29.59894 29.59894 29.59894 29.59894 20.76487 20.76487 29.59894 29.59894 29.59894 29.59894 29.59894 29.59894 29.59894 29.59894 29.59894 29.59894 29.59894 29.59894 29.59894 29.53078 29.41719 29.29791 22.69693 29.26383 29.39447 29.5535 29.59894 29.45781 22.96556 20.56626 20.56626 20.56626 20.56626 20.56626 20.56626 20.56626 20.56626 20.56626 20.56626 20.56626 15.19534 18.26444 20.56626 20.56626 20.56626 20.56626 20.56626 15.19534 18.5202
17.45209 29.59894 29.59894 29.59894 29.59894 29.59894 29.59894 29.59894 29.59894 29.59894 29.59894 29.59894 29.59894 29.59894 29.59894 29.59894 29.59894 29.59894 22.6053 25.1819 27.75851 29.59894 29.59894 28.1266 28.86277 29.59894 29.59894 29.59894 29.59894 29.59894 29.59894 29.5819 29.50806 29.41151 29.24111 29.23543 29.23543 27.05404 29.23543 29.23543 29.24679 29.41719 25.50601 20.56626 20.56626 20.56626 20.56626 20.56626 20.56626 20.56626 20.56626 20.56626 19.03171 19.54323 20.56626 18.77596 53.32269 20.56626 17.49717 19.03171 20.56626 20.56626 20.56626 20.56626
16.34783 29.59894 29.59894 29.59894 29.59894 29.59894 29.59894 29.59894 29.59894 29.59894 29.59894 29.59894 29.59894 29.59894 29.59894 29.59894 29.59894 29.59894 17.45209 18.55635 27.39042 29.59894 29.59894 21.86913 27.39042 29.59894 29.59894 29.59894 29.55918 29.48535 29.36039 29.25815 29.23543 29.23543 29.23543 29.23543 29.23543 29.23543 29.23543 29.23543 29.23543 29.23543 21.93218 20.56626 20.56626 20.56626 20.56626 20.56626 20.56626 20.56626 20.56626 20.56626 13.6608 14.42807 20.56626 20.56626 92.78386 20.56626 20.56626 20.56626 20.56626 20.56626 20.56626 20.56626
29.59894 29.59894 29.59894 29.59894 29.59894 29.59894 29.59894 29.59894 29.59894 29.59894 29.59894 29.59894 29.59894 29.59894 29.59894 29.59894 29.59894 29.59894 29.59894 29.59894 29.59894 29.59894 29.59894 29.59894 29.59894 29.5819 29.46263 29.30359 29.23543 29.23543 29.23543 29.23543 29.23543 29.23543 29.23543 29.23543 29.23543 29.23543 29.23543 29.23543 29.23543 28.28724 20.56626 20.56626 20.56626 20.56626 20.56626 20.56626 20.56626 20.56626 20.56626 20.56626 20.56626 20.56626 20.56626 17.49717 14.42807 20.56626 20.56626 20.56626 20.56626 20.56626 20.56626 20.56626
29.59894 29.59894 29.59894 29.59894 29.59894 29.59894 29.59894 29.59894 29.59894 29.59894 29.59894 29.59894 29.59894 29.59894 29.59894 29.59894 29.59894 29.59894 29.59894 29.59894 29.59894 29.59894 29.59894 29.43991 29.23543 29.23543 29.23543 29.23543 29.23543 29.23543 29.23543 29.23543 29.23543 29.23543 29.23543 29.23543 29.23543 29.23543 29.23543 29.23543 29.23543 28.96452 21.51445 20.56626 20.56626 20.56626 20.56626 20.56626 19.54323 20.56626 20.56626 20.56626 20.56626 19.54323 8.801397 19.79899 18.26444 20.56626 20.56626 20.56626 20.56626 20.56626 20.56626 20.56626
29.59894 29.59894 29.59894 29.59894 29.59894 29.59894 29.59894 29.59894 29.59894 29.59894 29.59894 29.59894 29.59894 29.59894 29.59894 29.59894 29.59894 29.59894 29.59894 29.59894 29.59894 29.59894 22.96991 29.25815 29.23543 29.23543 29.23543 29.23543 29.23543 29.23543 29.23543 29.23543 29.23543 29.23543 29.23543 29.23543 29.23543 29.23543 29.23543 29.23543 29.23543 29.23543 27.2036 20.97263 20.56626 20.56626 20.56626 20.56626 10.08019 19.03171 20.56626 20.56626 20.56626 20.56626 18.5202 20.56626 20.56626 20.56626 20.56626 20.56626 20.56626 20.56626 20.56626 20.56626
29.59894 29.59894 29.59894 29.59894 29.59894 29.59894 29.59894 29.59894 29.59894 29.59894 29.59894 29.59894 29.59894 29.59894 29.59894 29.59894 29.59894 29.59894 29.59894 15.61166 14.87548 29.59894 28.35721 29.23543 20.50985 20.14628 29.23543 29.23543 29.23543 20.50985 27.05404 29.23543 29.23543 29.23543 29.23543 29.23543 29.23543 29.23543 29.23543 29.23543 29.23543 29.23543 29.23543 25.0363 20.56626 20.56626 20.56626 20.56626 17.24141 20.05474 20.56626 20.56626 20.56626 20.56626 20.56626 20.56626 20.56626 20.56626 20.56626 20.56626 20.56626 19.62959 14.94623 12.76066
29.59894 29.59894 29.59894 29.59894 29.59894 29.59894 29.59894 29.59894 29.59894 29.59894 29.59894 29.59894 29.59894 29.59894 29.59894 29.59894 29.59894 29.59894 29.59894 27.39042 25.1819 29.51374 29.24111 29.23543 29.23543 24.87264 29.23543 29.23543 29.23543 665.4022 737.3337 25.96334 29.23543 29.23543 29.23543 29.23543 29.23543 29.23543 29.23543 29.23543 29.23543 29.23543 25.96334 18.99646 20.56626 17.49717 18.26444 20.56626 20.56626 20.56626 20.56626 20.56626 20.56626 20.56626 19.54323 16.47413 19.03171 20.56626 20.56626 20.56626 19.00514 11.19955 10.5751 10.5751
29.59894 29.59894 29.59894 29.59894 29.59894 29.59894 29.59894 29.59894 28.49468 22.97338 29.59894 29.59894 29.59894 29.59894 29.59894 29.59894 29.59894 29.59894 29.59894 29.59894 29.5535 23.83874 27.05404 29.23543 29.23543 29.23543 29.23543 29.23543 108.8017 1499.758 1897.589 148.5849 29.23543 29.23543 29.23543 29.23543 29.23543 29.23543 29.23543 29.23543 29.23543 29.23543 29.23543 22.59197 15.4511 12.38201 15.19534 20.56626 19.79899 19.03171 20.56626 20.56626 20.56626 20.56626 20.05474 18.5202 13.6608 20.56626 20.56626 20.56626 13.229 10.5751 10.5751 10.5751
29.59894 29.59894 29.59894 29.59894 29.59894 29.59894 29.59894 29.59894 22.6053 14.13931 29.59894 29.59894 29.59894 29.59894 29.59894 29.59894 29.59894 29.59894 29.59894 29.44559 29.24679 29.23543 29.23543 29.23543 29.23543 29.23543 29.23543 29.23543 29.23543 1181.856 783.661 29.23543 29.23543 29.23543 29.23543 29.23543 29.23543 29.23543 29.23543 29.23543 29.23543 29.23543 29.23543 19.17886 20.56626 8.54564 12.89352 20.56626 18.5202 16.47413 20.56626 20.56626 20.56626 20.56626 20.56626 20.56626 20.56626 20.56626 20.56626 15.10234 10.5751 10.5751 10.5751 10.5751
29.59894 29.59894 29.59894 29.59894 29.59894 29.59894 29.59894 26.28616 20.76487 29.59894 29.59894 29.59894 29.59894 29.59894 29.59894 29.59894 29.59894 29.59894 29.43991 29.23543 29.23543 29.23543 29.23543 29.23543 29.23543 29.23543 29.23543 29.23543 24.87264 27.05404 29.23543 29.23543 29.23543 29.23543 29.23543 29.23543 29.23543 29.23543 29.23543 29.23543 29.23543 29.23543 29.23543 20.52173 9.82443 11.61473 20.56626 20.56626 16.21838 16.47413 14.42807 13.6608 20.56626 20.56626 20.56626 20.56626 20.56626 20.56626 15.62062 9.78604 10.5751 10.5751 10.5751 10.5751
29.59894 29.59894 29.59894 29.59894 29.59894 29.59894 29.59894 16.34783 13.03505 28.86277 29.59894 28.49468 28.49468 29.59894 29.59894 29.59894 29.5819 29.39447 29.23543 29.23543 29.23543 29.23543 29.23543 29.23543 29.23543 29.23543 29.23543 29.23543 8.512174 25.59977 29.23543 29.23543 29.23543 29.23543 29.23543 29.23543 29.23543 29.23543 29.23543 29.23543 29.23543 29.23543 28.96452 20.44596 15.96262 19.79899 12.12625 13.6608 13.40504 20.05474 14.17231 17.49717 17.49717 20.56626 20.56626 20.56626 20.56626 20.56626 14.00956 9.523021 10.04906 10.5751 10.5751 10.5751
29.59894 29.59894 29.59894 29.59894 29.59894 29.59894 29.59894 11.93079 10.09036 23.70956 25.91808 15.24357 19.66061 29.59894 29.59894 29.56486 29.29223 29.23543 29.23543 29.23543 29.23543 29.23543 29.23543 29.23543 29.23543 29.23543 29.23543 27.05404 7.785042 27.05404 29.23543 29.23543 29.23543 29.23543 29.23543 29.23543 29.23543 29.23543 29.23543 22.69125 27.4176 29.23543 26.39086 20.56626 20.56626 20.56626 17.49717 11.35898 20.56626 20.56626 20.56626 20.56626 18.26444 20.56626 20.56626 20.56626 20.56626 20.56626 13.07289 8.996982 9.78604 10.5751 10.5751 10.5751
29.59894 29.59894 29.59894 29.59894 29.59894 29.59894 29.59894 19.66061 7.881839 11.19462 7.145667 22.97338 29.59894 29.59894 29.56486 29.32063 29.23543 29.23543 29.23543 29.23543 29.23543 29.23543 29.23543 29.23543 29.23543 29.23543 29.23543 12.87497 20.87342 29.23543 29.23543 29.23543 29.23543 29.23543 29.23543 29.23543 29.23543 29.23543 29.23543 18.32845 27.4176 16.14706 22.99036 20.56626 20.56626 54.08997 260.9139 49.48632 20.56626 20.56626 18.26444 20.56626 20.56626 19.54323 12.38201 19.54323 20.56626 20.41015 11.66788 10.5751 10.5751 10.5751 10.5751 10.5751
29.59894 29.59894 28.49468 29.59894 29.59894 29.59894 29.59894 15.24357 6.409493 11.93079 25.04559 29.37743 29.45127 29.42855 29.27519 29.23543 29.23543 29.23543 29.23543 29.23543 29.23543 29.23543 27.05404 29.23543 29.23543 29.23543 16.87419 9.239305 29.23543 29.23543 29.23543 29.23543 29.23543 29.23543 29.23543 29.23543 29.23543 18.32845 29.23543 29.23543 29.23543 21.60055 24.13357 20.56626 20.56626 268.6417 112.3866 22.15584 20.3105 20.05474 15.19534 20.56626 20.56626 20.56626 20.56626 20.56626 20.56626 18.5368 10.5751 10.5751 10.5751 10.5751 10.5751 10.5751
29.59894 21.86913 16.34783 29.59894 29.59894 29.59894 29.59894 11.93079 7.881839 27.23591 29.23543 29.23543 29.23543 29.23543 29.23543 29.23543 29.23543 29.23543 29.23543 29.23543 29.23543 29.23543 18.32845 20.50985 29.23543 20.50985 8.148608 14.69279 29.23543 29.23543 29.23543 29.23543 29.23543 29.23543 29.23543 29.23543 29.23543 29.23543 29.23543 29.23543 29.23543 29.23543 18.60512 20.56626 20.56626 20.56626 20.56626 20.56626 16.98565 18.00868 20.56626 20.56626 20.56626 20.56626 20.56626 20.56626 20.56626 18.06847 10.5751 10.5751 10.5751 9.78604 9.78604 10.5751
29.59894 25.54999 25.54999 29.59894 29.59894 29.59894 24.44573 6.77758 13.01801 28.50946 29.23543 29.23543 29.23543 29.23543 29.23543 29.23543 29.23543 29.23543 29.23543 29.23543 29.23543 29.23543 20.50985 9.602872 26.32691 9.602872 6.694344 19.78272 29.23543 29.23543 29.23543 29.23543 29.23543 29.23543 29.23543 29.23543 29.23543 29.23543 29.23543 29.23543 29.23543 29.23543 26.52632 15.19534 11.35898 19.03171 20.56626 20.56626 19.79899 14.42807 20.56626 17.49717 20.56626 20.56626 20.56626 20.56626 20.56626 101.9729 10.44359 9.78604 10.04906 4.788668 6.366785 10.5751
29.59894 29.59894 29.59894 29.59894 29.59894 29.59894 25.91808 8.249926 15.58894 29.24111 29.23543 29.23543 29.23543 29.23543 29.23543 29.23543 29.23543 29.23543 29.23543 29.23543 29.23543 29.23543 25.96334 15.41993 5.967212 5.967212 19.41915 29.23543 29.23543 29.23543 29.23543 29.23543 29.23543 29.23543 29.23543 29.23543 29.23543 29.23543 29.23543 29.23543 29.23543 29.23543 23.64649 15.56169 20.56626 20.56626 20.56626 20.56626 20.56626 20.56626 20.56626 18.26444 20.56626 20.56626 20.56626 20.56626 20.56626 19.00514 7.603523 3.372727 4.973327 7.024334 10.5751 10.5751
29.59894 29.59894 29.59894 29.59894 29.59894 29.59894 17.084 6.041407 7.513753 26.39182 29.23543 29.23543 29.23543 29.23543 29.23543 29.23543 29.23543 29.23543 29.23543 29.23543 24.87264 29.23543 29.23543 23.05481 5.967212 5.967212 29.23543 29.23543 29.23543 29.23543 29.23543 29.23543 29.23543 29.23543 29.23543 29.23543 20.50985 29.23543 29.23543 29.23543 29.23543 29.23543 28.14474 18.08179 20.56626 20.56626 20.56626 20.56626 18.77596 16.98565 20.56626 20.56626 20.56626 20.56626 20.56626 20.56626 20.56626 20.56626 11.21701 6.377698 7.551738 10.5751 10.5751 6.892825
29.59894 29.59894 29.59894 17.82018 15.61166 26.65425 6.041407 6.029814 19.16397 29.26383 29.23543 29.23543 29.23543 29.23543 29.23543 29.23543 29.23543 29.23543 29.23543 26.32691 7.421476 15.78349 19.05559 17.23776 5.967212 13.23853 29.23543 29.23543 29.23543 29.23543 29.23543 29.23543 29.23543 15.78349 26.32691 8.512174 14.69279 23.41838 27.78117 29.23543 29.23543 29.23543 22.15647 17.49717 19.03171 20.56626 19.79899 17.49717 12.63777 20.56626 20.56626 20.56626 20.56626 20.56626 20.56626 20.56626 20.56626 20.56626 14.03416 7.681883 10.5751 10.5751 10.5751 10.5751
29.59894 29.59894 29.59894 17.82018 6.041407 6.041407 6.041407 5.976487 20.50985 29.23543 29.23543 29.23543 29.23543 29.23543 29.23543 29.23543 29.23543 29.23543 29.23543 29.23543 15.41993 5.967212 5.967212 8.148608 5.967212 17.60132 23.78194 23.78194 29.23543 29.23543 29.23543 29.23543 29.23543 14.32923 23.41838 23.41838 21.23698 14.69279 26.32691 29.23543 29.23543 27.05404 19.1282 20.56626 20.56626 20.56626 16.72989 20.56626 19.03171 20.56626 20.56626 20.56626 20.56626 20.56626 20.56626 20.56626 20.56626 20.56626 14.21488 8.996982 10.5751 10.5751 10.5751 10.5751
26.65425 17.82018 24.44573 16.34783 6.041407 6.041407 6.015903 17.96489 23.41838 29.23543 29.23543 29.23543 29.23543 29.23543 29.23543 29.23543 29.23543 28.14474 27.78117 24.87264 13.6021 5.967212 5.967212 5.967212 5.967212 22.69125 7.785042 19.78272 29.23543 29.23543 29.23543 28.5083 16.51063 17.60132 29.23543 29.23543 29.23543 29.23543 29.23543 29.23543 29.23543 29.23543 21.64991 20.56626 20.56626 20.56626 20.56626 20.56626 20.3105 20.05474 14.42807 16.21838 13.91656 20.56626 20.56626 20.56626 20.56626 20.56626 16.81957 10.5751 10.5751 10.5751 10.5751 10.5751
